1540787732.097737,0
1540787732.109833,0
1540787732.124277,0
1540787732.138712,0
1540787732.151087,0
1540787732.164180,0
1540787732.178489,0
1540787732.191569,0
1540787732.205481,0
1540787732.218964,0
1540787732.231613,0
1540787732.245321,0
1540787732.258568,0
1540787732.271948,0
1540787732.285661,0
1540787732.299513,0
1540787732.312941,0
1540787732.326368,0
1540787732.340677,0
1540787732.354495,0
1540787732.368277,0
1540787732.380845,0
1540787732.393270,0
1540787732.406769,0
1540787732.419831,0
1540787732.432964,0
1540787732.446096,0
1540787732.459455,0
1540787732.473094,0
1540787732.486252,0
1540787732.499349,0
1540787732.512871,0
1540787732.526047,0
1540787732.538874,0
1540787732.552326,0
1540787732.566161,0
1540787732.582328,0
1540787732.595558,0
1540787732.608535,0
1540787732.622794,0
1540787732.635317,0
1540787732.648806,0
1540787732.662870,0
1540787732.676390,0
1540787732.690423,0
1540787732.703766,0
1540787732.716522,0
1540787732.731480,0
1540787732.744942,0
1540787732.758831,0
1540787732.771664,0
1540787732.786087,0
1540787732.799517,0
1540787732.812210,0
1540787732.826408,0
1540787732.839457,0
1540787732.851903,0
1540787732.865826,0
1540787732.879012,0
1540787732.891899,0
1540787732.905986,0
1540787732.919322,0
1540787732.932079,0
1540787732.945551,0
1540787732.959233,0
1540787732.971797,0
1540787732.984660,0
1540787732.997331,0
1540787733.012076,0
1540787733.026726,0
1540787733.040856,0
1540787733.053829,0
1540787733.066458,0
1540787733.080196,0
1540787733.092881,0
1540787733.106793,0
1540787733.122996,0
1540787733.136856,0
1540787733.149575,0
1540787733.188345,0
1540787733.208776,0
1540787733.221083,0
1540787733.241273,0
1540787733.257601,0
1540787733.272218,0
1540787733.284833,0
1540787733.298642,0
1540787733.311833,0
1540787733.324728,0
1540787733.338163,0
1540787733.353475,0
1540787733.367178,0
1540787733.381147,0
1540787733.395615,0
1540787733.408749,0
1540787733.422677,0
1540787733.435327,0
1540787733.448203,0
1540787733.462502,0
1540787733.476393,0
1540787733.489948,0
1540787733.503041,0
1540787733.515693,0
1540787733.529199,0
1540787733.543401,0
1540787733.557884,0
1540787733.571334,0
1540787733.583845,0
1540787733.596609,0
1540787733.611096,0
1540787733.624626,0
1540787733.638954,0
1540787733.652706,0
1540787733.665513,0
1540787733.678215,0
1540787733.692089,0
1540787733.704928,0
1540787733.719142,0
1540787733.732722,0
1540787733.745469,0
1540787733.759543,0
1540787733.773156,0
1540787733.786057,0
1540787733.799543,0
1540787733.815073,0
1540787733.832071,0
1540787733.845689,0
1540787733.860211,0
1540787733.877512,0
1540787733.894564,0
1540787733.907710,0
1540787733.920281,0
1540787733.932884,0
1540787733.945700,0
1540787733.959606,0
1540787733.972727,0
1540787733.986216,0
1540787733.999327,0
1540787734.012407,0
1540787734.025030,0
1540787734.038708,0
1540787734.052318,0
1540787734.064946,0
1540787734.078273,0
1540787734.092153,0
1540787734.104844,0
1540787734.117723,0
1540787734.131849,0
1540787734.144271,0
1540787734.156854,0
1540787734.170973,0
1540787734.183798,0
1540787734.196748,0
1540787734.209926,0
1540787734.228894,0
1540787734.242230,0
1540787734.254776,0
1540787734.270692,0
1540787734.287744,0
1540787734.303411,0
1540787734.317548,0
1540787734.331597,0
1540787734.346870,0
1540787734.359862,0
1540787734.374144,0
1540787734.387085,0
1540787734.400163,0
1540787734.414642,0
1540787734.431177,0
1540787734.445242,0
1540787734.458264,0
1540787734.471907,0
1540787734.486174,0
1540787734.500072,0
1540787734.513547,0
1540787734.528390,0
1540787734.543784,0
1540787734.556821,0
1540787734.570971,0
1540787734.584523,0
1540787734.597756,0
1540787734.612340,0
1540787734.625614,0
1540787734.639613,0
1540787734.653616,0
1540787734.669614,0
1540787734.683918,0
1540787734.696261,0
1540787734.712799,0
1540787734.725031,0
1540787734.737165,0
1540787734.749222,0
1540787734.762476,0
1540787734.774629,0
1540787734.788806,0
1540787734.801278,0
1540787734.814139,0
1540787734.827874,0
1540787734.841433,0
1540787734.854433,0
1540787734.867949,0
1540787734.880335,0
1540787734.894398,0
1540787734.908448,0
1540787734.922281,0
1540787734.938318,0
1540787734.951015,0
1540787734.964711,0
1540787734.977092,0
1540787734.989067,0
1540787735.002899,0
1540787735.015750,0
1540787735.028843,0
1540787735.042160,0
1540787735.055100,0
1540787735.067262,0
1540787735.080266,0
1540787735.095371,0
1540787735.111731,0
1540787735.128123,0
1540787735.141395,0
1540787735.153862,0
1540787735.166616,0
1540787735.182336,0
1540787735.196544,0
1540787735.209233,0
1540787735.222463,0
1540787735.235234,0
1540787735.253959,0
1540787735.267512,0
1540787735.280563,0
1540787735.302997,1
1540787735.318123,0
1540787735.339555,7
1540787735.353921,11
1540787735.366702,14
1540787735.380452,14
1540787735.395131,16
1540787735.407970,19
1540787735.420782,20
1540787735.433925,20
1540787735.446901,20
1540787735.459482,19
1540787735.473716,20
1540787735.487478,20
1540787735.500094,19
1540787735.512657,20
1540787735.526118,20
1540787735.538414,20
1540787735.551155,20
1540787735.563271,20
1540787735.576557,20
1540787735.590621,20
1540787735.603295,19
1540787735.615865,19
1540787735.628594,19
1540787735.641691,18
1540787735.655608,16
1540787735.671836,16
1540787735.686790,15
1540787735.700879,14
1540787735.714221,13
1540787735.728266,15
1540787735.742290,15
1540787735.756188,18
1540787735.769046,20
1540787735.782939,19
1540787735.796579,20
1540787735.809694,20
1540787735.822842,19
1540787735.836174,19
1540787735.848891,18
1540787735.863183,18
1540787735.875956,19
1540787735.888622,19
1540787735.901964,19
1540787735.916009,19
1540787735.928808,19
1540787735.943398,19
1540787735.955933,20
1540787735.969457,18
1540787735.982077,18
1540787735.995890,19
1540787736.008837,17
1540787736.021698,17
1540787736.033880,16
1540787736.048224,15
1540787736.062205,14
1540787736.074939,13
1540787736.088543,13
1540787736.101676,12
1540787736.113741,10
1540787736.127010,11
1540787736.143805,9
1540787736.155988,10
1540787736.168421,9
1540787736.181546,9
1540787736.194812,8
1540787736.208217,9
1540787736.222175,10
1540787736.235120,10
1540787736.258218,11
1540787736.271425,11
1540787736.283492,11
1540787736.296235,11
1540787736.308493,10
1540787736.320880,11
1540787736.334227,12
1540787736.346648,12
1540787736.360967,12
1540787736.373861,11
1540787736.386097,12
1540787736.400383,12
1540787736.413311,12
1540787736.425919,13
1540787736.439756,13
1540787736.452773,13
1540787736.466327,14
1540787736.480227,14
1540787736.493745,13
1540787736.505774,14
1540787736.520318,12
1540787736.533218,13
1540787736.545693,13
1540787736.559636,13
1540787736.572096,14
1540787736.584613,13
1540787736.596944,14
1540787736.611011,14
1540787736.625491,13
1540787736.638694,14
1540787736.651504,14
1540787736.665807,13
1540787736.679246,14
1540787736.691915,14
1540787736.706388,14
1540787736.721029,15
1540787736.735069,15
1540787736.747657,15
1540787736.761184,14
1540787736.774962,15
1540787736.788304,15
1540787736.802105,15
1540787736.816092,15
1540787736.829232,15
1540787736.843484,15
1540787736.858531,16
1540787736.871212,16
1540787736.884389,16
1540787736.898762,15
1540787736.912766,16
1540787736.925975,16
1540787736.941109,16
1540787736.954818,15
1540787736.967474,16
1540787736.981720,17
1540787736.995066,17
1540787737.009131,17
1540787737.022639,17
1540787737.036032,16
1540787737.048847,17
1540787737.063314,17
1540787737.075970,17
1540787737.089995,17
1540787737.103037,17
1540787737.116214,17
1540787737.129033,17
1540787737.141750,18
1540787737.156073,18
1540787737.169243,17
1540787737.181790,17
1540787737.196255,18
1540787737.209472,17
1540787737.222251,18
1540787737.236951,18
1540787737.260145,18
1540787737.272860,17
1540787737.286094,17
1540787737.300798,19
1540787737.313709,19
1540787737.326545,19
1540787737.340623,19
1540787737.353774,19
1540787737.366767,18
1540787737.380871,19
1540787737.393672,19
1540787737.406239,19
1540787737.421018,19
1540787737.435104,19
1540787737.448016,18
1540787737.461469,19
1540787737.475050,20
1540787737.487969,20
1540787737.501818,20
1540787737.515038,19
1540787737.528905,19
1540787737.541921,20
1540787737.556546,20
1540787737.571276,20
1540787737.584317,20
1540787737.597299,20
1540787737.610480,19
1540787737.624428,20
1540787737.637211,20
1540787737.651396,19
1540787737.664624,20
1540787737.678334,20
1540787737.692599,20
1540787737.707221,20
1540787737.721534,20
1540787737.735344,20
1540787737.750411,20
1540787737.764218,20
1540787737.776727,20
1540787737.790136,19
1540787737.802792,19
1540787737.816257,20
1540787737.830015,19
1540787737.842560,20
1540787737.855100,18
1540787737.868491,17
1540787737.881356,17
1540787737.895066,16
1540787737.909276,14
1540787737.922653,14
1540787737.935115,13
1540787737.948203,12
1540787737.961102,12
1540787737.975385,11
1540787737.988692,9
1540787738.002150,9
1540787738.016703,11
1540787738.031212,11
1540787738.045053,11
1540787738.059941,11
1540787738.073352,11
1540787738.086955,10
1540787738.099859,11
1540787738.113264,11
1540787738.127674,11
1540787738.140511,12
1540787738.156397,12
1540787738.169075,11
1540787738.183182,11
1540787738.196001,12
1540787738.209118,11
1540787738.222425,12
1540787738.235912,13
1540787738.257832,12
1540787738.278136,13
1540787738.291481,13
1540787738.307002,13
1540787738.320593,12
1540787738.335009,13
1540787738.349189,13
1540787738.362533,13
1540787738.376220,14
1540787738.389508,14
1540787738.401545,14
1540787738.414704,14
1540787738.427738,14
1540787738.440929,13
1540787738.453749,14
1540787738.466721,13
1540787738.478756,14
1540787738.491939,15
1540787738.504501,15
1540787738.517455,15
1540787738.529592,15
1540787738.542654,15
1540787738.554546,14
1540787738.567190,15
1540787738.579101,14
1540787738.590976,15
1540787738.602918,14
1540787738.615153,15
1540787738.627602,16
1540787738.639316,16
1540787738.651018,16
1540787738.663059,16
1540787738.676216,15
1540787738.688231,16
1540787738.701043,16
1540787738.712952,16
1540787738.724886,15
1540787738.736766,16
1540787738.749738,15
1540787738.762556,16
1540787738.774612,17
1540787738.787212,17
1540787738.799051,17
1540787738.810996,17
1540787738.823693,17
1540787738.836426,17
1540787738.849632,17
1540787738.863274,17
1540787738.876262,17
1540787738.890247,17
1540787738.907876,17
1540787738.920820,18
1540787738.933269,18
1540787738.945853,17
1540787738.959746,18
1540787738.972690,18
1540787738.985551,18
1540787738.999590,17
1540787739.012137,18
1540787739.025897,18
1540787739.038833,18
1540787739.051972,18
1540787739.065668,18
1540787739.078877,17
1540787739.093191,19
1540787739.106481,19
1540787739.120991,18
1540787739.134122,19
1540787739.146791,19
1540787739.161017,18
1540787739.173555,19
1540787739.186564,18
1540787739.200304,18
1540787739.213782,19
1540787739.227173,19
1540787739.240785,19
1540787739.254652,20
1540787739.267444,20
1540787739.284290,20
1540787739.296748,19
1540787739.309435,20
1540787739.323300,19
1540787739.336650,20
1540787739.350028,20
1540787739.362840,19
1540787739.375475,20
1540787739.389616,20
1540787739.403317,20
1540787739.415859,20
1540787739.429756,20
1540787739.443081,19
1540787739.455658,20
1540787739.467989,19
1540787739.482392,19
1540787739.496147,20
1540787739.509322,20
1540787739.523506,19
1540787739.536041,20
1540787739.549527,19
1540787739.563713,20
1540787739.578015,20
1540787739.590539,20
1540787739.603351,20
1540787739.616181,18
1540787739.628864,19
1540787739.641536,18
1540787739.655227,17
1540787739.668327,17
1540787739.683381,16
1540787739.696773,15
1540787739.709361,14
1540787739.723851,13
1540787739.737309,12
1540787739.750549,11
1540787739.764427,11
1540787739.777822,9
1540787739.791165,8
1540787739.805151,11
1540787739.819353,11
1540787739.833088,11
1540787739.845752,11
1540787739.858490,11
1540787739.872871,11
1540787739.886422,10
1540787739.899697,11
1540787739.914007,12
1540787739.926642,12
1540787739.940373,12
1540787739.954154,12
1540787739.967531,11
1540787739.981282,12
1540787739.993731,11
1540787740.009487,11
1540787740.023809,13
1540787740.037162,13
1540787740.049962,12
1540787740.063756,12
1540787740.078158,13
1540787740.091381,13
1540787740.103914,13
1540787740.117845,13
1540787740.131256,13
1540787740.145543,13
1540787740.159220,14
1540787740.171865,14
1540787740.185219,13
1540787740.198227,14
1540787740.212737,14
1540787740.226201,13
1540787740.238895,14
1540787740.252578,14
1540787740.276290,14
1540787740.289303,15
1540787740.301969,15
1540787740.315306,14
1540787740.327983,15
1540787740.342341,15
1540787740.356438,14
1540787740.369115,15
1540787740.382844,15
1540787740.395968,14
1540787740.408824,16
1540787740.423483,16
1540787740.437423,16
1540787740.450316,16
1540787740.464157,16
1540787740.477581,16
1540787740.490453,16
1540787740.503449,16
1540787740.516847,15
1540787740.529744,16
1540787740.544529,16
1540787740.557450,16
1540787740.569733,17
1540787740.583303,17
1540787740.595968,17
1540787740.609693,17
1540787740.624685,17
1540787740.638221,16
1540787740.652081,17
1540787740.665861,17
1540787740.679434,16
1540787740.692233,17
1540787740.704650,16
1540787740.719754,18
1540787740.733575,18
1540787740.746255,18
1540787740.760184,17
1540787740.774649,18
1540787740.787354,18
1540787740.801094,18
1540787740.813718,18
1540787740.827005,18
1540787740.840366,17
1540787740.854560,18
1540787740.867056,19
1540787740.881158,19
1540787740.895281,19
1540787740.908033,19
1540787740.922289,19
1540787740.936079,18
1540787740.948802,19
1540787740.963256,19
1540787740.976932,18
1540787740.990287,19
1540787741.003773,19
1540787741.017254,18
1540787741.030719,19
1540787741.043297,19
1540787741.057354,19
1540787741.070646,20
1540787741.083402,20
1540787741.096178,20
1540787741.110451,20
1540787741.124122,19
1540787741.138214,19
1540787741.151786,20
1540787741.164491,19
1540787741.178768,19
1540787741.192753,20
1540787741.206209,20
1540787741.220270,20
1540787741.233313,20
1540787741.245824,19
1540787741.260790,19
1540787741.274946,19
1540787741.287803,20
1540787741.300446,19
1540787741.313236,20
1540787741.330417,20
1540787741.343730,19
1540787741.357152,19
1540787741.370637,20
1540787741.383402,20
1540787741.397480,18
1540787741.411399,20
1540787741.425103,18
1540787741.439371,17
1540787741.452157,17
1540787741.466429,16
1540787741.478951,14
1540787741.493841,13
1540787741.507486,13
1540787741.520876,12
1540787741.534777,11
1540787741.547921,11
1540787741.561362,9
1540787741.574219,8
1540787741.587919,11
1540787741.602314,11
1540787741.615635,10
1540787741.628570,11
1540787741.641790,11
1540787741.654758,10
1540787741.667319,11
1540787741.680826,11
1540787741.694251,12
1540787741.707124,12
1540787741.720645,11
1540787741.733719,12
1540787741.746413,11
1540787741.759980,11
1540787741.773201,12
1540787741.786373,12
1540787741.799735,11
1540787741.813298,13
1540787741.826689,13
1540787741.840271,12
1540787741.853727,13
1540787741.866903,13
1540787741.879644,13
1540787741.894071,13
1540787741.906507,12
1540787741.920254,13
1540787741.933561,14
1540787741.946208,13
1540787741.960321,14
1540787741.973658,14
1540787741.987261,13
1540787742.000483,14
1540787742.013802,14
1540787742.027523,13
1540787742.040005,14
1540787742.053404,15
1540787742.067126,14
1540787742.079567,15
1540787742.093522,15
1540787742.107005,14
1540787742.119841,15
1540787742.134356,14
1540787742.146979,15
1540787742.160755,15
1540787742.174900,15
1540787742.188665,14
1540787742.201221,16
1540787742.214406,16
1540787742.227638,15
1540787742.240717,16
1540787742.253754,15
1540787742.267871,16
1540787742.281065,16
1540787742.295143,16
1540787742.307894,16
1540787742.330566,16
1540787742.344302,17
1540787742.356322,17
1540787742.369317,17
1540787742.383454,16
1540787742.396217,17
1540787742.409838,16
1540787742.422712,16
1540787742.435127,17
1540787742.448529,17
1540787742.462467,16
1540787742.476423,17
1540787742.489956,18
1540787742.503815,17
1540787742.516685,18
1540787742.530091,18
1540787742.544061,17
1540787742.557880,18
1540787742.571207,18
1540787742.583825,18
1540787742.596599,19
1540787742.610983,19
1540787742.625390,19
1540787742.639783,18
1540787742.653453,20
1540787742.666502,19
1540787742.679613,20
1540787742.692463,20
1540787742.706987,19
1540787742.720022,20
1540787742.732725,19
1540787742.745649,18
1540787742.759362,19
1540787742.773066,19
1540787742.787239,18
1540787742.800838,19
1540787742.814246,19
1540787742.828552,20
1540787742.842768,19
1540787742.856214,20
1540787742.868980,19
1540787742.882594,19
1540787742.896119,20
1540787742.909062,19
1540787742.923495,20
1540787742.937016,20
1540787742.950166,20
1540787742.963875,19
1540787742.978781,20
1540787742.993958,20
1540787743.006557,19
1540787743.019830,19
1540787743.033597,20
1540787743.046303,19
1540787743.059675,20
1540787743.073031,20
1540787743.087156,20
1540787743.100177,19
1540787743.116038,20
1540787743.128786,20
1540787743.142685,19
1540787743.156039,20
1540787743.170345,20
1540787743.184418,19
1540787743.197020,20
1540787743.211080,18
1540787743.223791,17
1540787743.236650,17
1540787743.249646,16
1540787743.262393,15
1540787743.275893,14
1540787743.289082,13
1540787743.302181,13
1540787743.315167,12
1540787743.333477,11
1540787743.346761,9
1540787743.359502,9
1540787743.372030,11
1540787743.384522,10
1540787743.396959,11
1540787743.409382,11
1540787743.422470,11
1540787743.436382,11
1540787743.450025,11
1540787743.463730,10
1540787743.477188,12
1540787743.491428,12
1540787743.504722,11
1540787743.518234,12
1540787743.531439,12
1540787743.544341,12
1540787743.557093,11
1540787743.570650,12
1540787743.584268,12
1540787743.599230,13
1540787743.611792,13
1540787743.624844,13
1540787743.638911,13
1540787743.651470,12
1540787743.666376,13
1540787743.680148,13
1540787743.694392,13
1540787743.707851,13
1540787743.721984,13
1540787743.735390,14
1540787743.748015,14
1540787743.761456,14
1540787743.774484,14
1540787743.788112,13
1540787743.801116,14
1540787743.813933,14
1540787743.827696,13
1540787743.841265,15
1540787743.855978,15
1540787743.869708,14
1540787743.883148,15
1540787743.897040,15
1540787743.910679,15
1540787743.924509,14
1540787743.938754,15
1540787743.952670,15
1540787743.965374,15
1540787743.979184,16
1540787743.992829,16
1540787744.005657,16
1540787744.019495,16
1540787744.032686,16
1540787744.046496,15
1540787744.060842,16
1540787744.074628,16
1540787744.088587,16
1540787744.101453,16
1540787744.113912,16
1540787744.127037,16
1540787744.140759,17
1540787744.154469,17
1540787744.168344,17
1540787744.182222,16
1540787744.194687,17
1540787744.208948,17
1540787744.221575,17
1540787744.236337,17
1540787744.249836,17
1540787744.263343,16
1540787744.276501,18
1540787744.289790,17
1540787744.302737,18
1540787744.315164,17
1540787744.327775,17
1540787744.353947,17
1540787744.366362,18
1540787744.379933,18
1540787744.393725,17
1540787744.406365,18
1540787744.420759,18
1540787744.434162,17
1540787744.446839,19
1540787744.459942,19
1540787744.474393,18
1540787744.487964,19
1540787744.501238,19
1540787744.515188,18
1540787744.529441,19
1540787744.542750,19
1540787744.555930,19
1540787744.568791,19
1540787744.581988,19
1540787744.595574,18
1540787744.608487,20
1540787744.621112,19
1540787744.634667,19
1540787744.648273,20
1540787744.662090,20
1540787744.676960,19
1540787744.689747,20
1540787744.702589,19
1540787744.716497,19
1540787744.729435,20
1540787744.742767,20
1540787744.755498,20
1540787744.768058,20
1540787744.782597,20
1540787744.796303,19
1540787744.809328,20
1540787744.823504,20
1540787744.836333,20
1540787744.849955,20
1540787744.864266,20
1540787744.877906,20
1540787744.891404,20
1540787744.904193,20
1540787744.921210,20
1540787744.934784,19
1540787744.947464,20
1540787744.960024,19
1540787744.972863,19
1540787744.987195,19
1540787745.000539,17
1540787745.013520,17
1540787745.026958,16
1540787745.040760,15
1540787745.054877,14
1540787745.068812,14
1540787745.081463,12
1540787745.094891,11
1540787745.108080,11
1540787745.121032,10
1540787745.134816,9
1540787745.147677,10
1540787745.160670,10
1540787745.173444,11
1540787745.186288,10
1540787745.200734,10
1540787745.214690,11
1540787745.228294,11
1540787745.242125,11
1540787745.256023,11
1540787745.269712,12
1540787745.282160,12
1540787745.295635,12
1540787745.308214,12
1540787745.319905,12
1540787745.331508,12
1540787745.343250,12
1540787745.364162,12
1540787745.376039,13
1540787745.389830,13
1540787745.403443,12
1540787745.416119,13
1540787745.429061,13
1540787745.441809,12
1540787745.455118,13
1540787745.468244,12
1540787745.482332,12
1540787745.496255,14
1540787745.508884,13
1540787745.524981,14
1540787745.537955,14
1540787745.551689,14
1540787745.564425,14
1540787745.578606,14
1540787745.590913,14
1540787745.604480,13
1540787745.621426,13
1540787745.636100,14
1540787745.649016,15
1540787745.660854,14
1540787745.673906,15
1540787745.685788,14
1540787745.698595,15
1540787745.711158,15
1540787745.723117,15
1540787745.735765,15
1540787745.747803,15
1540787745.759984,14
1540787745.772539,16
1540787745.785197,16
1540787745.798300,15
1540787745.811719,16
1540787745.823960,16
1540787745.835792,16
1540787745.848685,16
1540787745.863263,16
1540787745.876444,16
1540787745.888939,16
1540787745.902127,16
1540787745.915801,17
1540787745.929934,17
1540787745.944146,16
1540787745.958448,17
1540787745.971103,17
1540787745.991312,16
1540787746.003338,17
1540787746.016819,16
1540787746.030846,17
1540787746.044171,17
1540787746.057325,17
1540787746.070407,18
1540787746.083822,18
1540787746.097574,17
1540787746.111623,18
1540787746.129719,17
1540787746.143693,18
1540787746.156541,18
1540787746.169964,17
1540787746.184041,18
1540787746.197702,18
1540787746.212184,18
1540787746.227587,19
1540787746.244603,19
1540787746.261826,19
1540787746.274974,18
1540787746.287132,19
1540787746.299300,18
1540787746.311613,19
1540787746.323609,18
1540787746.336198,19
1540787746.358366,19
1540787746.370955,18
1540787746.383353,19
1540787746.395678,20
1540787746.407633,19
1540787746.419571,19
1540787746.431369,20
1540787746.443459,19
1540787746.455370,20
1540787746.467181,20
1540787746.479695,20
1540787746.491180,20
1540787746.502939,20
1540787746.514660,20
1540787746.528264,20
1540787746.541298,19
1540787746.554263,20
1540787746.567121,20
1540787746.579061,20
1540787746.591126,20
1540787746.604048,20
1540787746.616003,19
1540787746.627837,20
1540787746.639584,20
1540787746.651742,20
1540787746.663700,19
1540787746.675947,20
1540787746.687966,19
1540787746.700069,20
1540787746.712121,19
1540787746.724609,20
1540787746.737409,19
1540787746.751232,18
1540787746.764219,20
1540787746.777577,18
1540787746.792162,17
1540787746.805808,17
1540787746.819329,15
1540787746.832190,14
1540787746.845476,14
1540787746.858251,13
1540787746.871780,12
1540787746.885705,12
1540787746.898679,11
1540787746.912883,9
1540787746.926618,9
1540787746.940168,11
1540787746.961273,10
1540787746.980995,11
1540787746.994660,10
1540787747.008180,11
1540787747.022244,11
1540787747.035701,11
1540787747.048136,12
1540787747.061008,12
1540787747.073934,11
1540787747.087446,12
1540787747.100637,12
1540787747.113369,12
1540787747.127442,12
1540787747.140940,12
1540787747.157085,13
1540787747.169692,13
1540787747.185225,13
1540787747.199837,13
1540787747.213174,12
1540787747.227097,12
1540787747.240663,13
1540787747.254361,12
1540787747.269293,12
1540787747.282090,13
1540787747.296539,13
1540787747.311454,14
1540787747.324620,12
1540787747.337698,13
1540787747.352251,13
1540787747.375648,12
1540787747.388143,13
1540787747.402612,13
1540787747.416170,13
1540787747.429641,13
1540787747.443370,14
1540787747.456465,14
1540787747.469995,12
1540787747.482522,13
1540787747.497092,13
1540787747.509877,13
1540787747.522519,14
1540787747.536711,14
1540787747.550529,13
1540787747.564483,13
1540787747.578198,14
1540787747.592042,14
1540787747.605051,15
1540787747.618534,15
1540787747.632196,13
1540787747.644906,14
1540787747.658218,14
1540787747.672008,14
1540787747.684581,15
1540787747.698655,15
1540787747.711651,13
1540787747.725488,14
1540787747.738326,14
1540787747.752287,14
1540787747.766094,15
1540787747.778919,13
1540787747.791971,13
1540787747.806173,14
1540787747.819014,14
1540787747.831525,15
1540787747.854213,15
1540787747.871188,15
1540787747.885631,15
1540787747.899588,15
1540787747.913065,15
1540787747.926443,16
1540787747.940628,16
1540787747.953484,14
1540787747.967173,15
1540787747.980250,15
1540787747.994435,15
1540787748.007901,16
1540787748.021943,16
1540787748.035274,14
1540787748.048081,15
1540787748.062278,15
1540787748.075910,15
1540787748.090717,15
1540787748.103999,16
1540787748.117798,16
1540787748.130693,15
1540787748.145076,16
1540787748.158402,16
1540787748.171041,17
1540787748.184923,17
1540787748.199938,17
1540787748.214260,15
1540787748.227932,15
1540787748.241645,16
1540787748.254896,16
1540787748.270774,16
1540787748.283556,17
1540787748.297453,17
1540787748.312118,17
1540787748.326556,15
1540787748.339371,16
1540787748.353278,16
1540787748.376521,15
1540787748.390042,15
1540787748.403955,16
1540787748.416701,16
1540787748.430327,16
1540787748.442757,18
1540787748.455337,17
1540787748.469260,17
1540787748.482600,17
1540787748.503469,16
1540787748.519297,17
1540787748.538093,19
1540787748.552504,17
1540787748.565307,18
1540787748.579284,18
1540787748.593781,18
1540787748.607466,18
1540787748.620996,19
1540787748.634511,19
1540787748.648504,17
1540787748.662030,17
1540787748.676709,19
1540787748.698347,18
1540787748.711666,19
1540787748.724417,19
1540787748.737933,19
1540787748.751182,20
1540787748.764051,20
1540787748.778584,18
1540787748.792306,19
1540787748.805511,19
1540787748.819745,17
1540787748.832626,20
1540787748.846014,20
1540787748.859835,18
1540787748.874465,19
1540787748.887406,19
1540787748.901410,19
1540787748.915249,20
1540787748.928028,20
1540787748.941367,18
1540787748.955563,19
1540787748.969036,18
1540787748.983280,20
1540787748.997134,18
1540787749.010162,18
1540787749.024308,17
1540787749.037130,17
1540787749.051635,16
1540787749.064723,15
1540787749.078298,13
1540787749.091997,13
1540787749.104504,12
1540787749.117215,13
1540787749.137542,14
1540787749.156820,14
1540787749.171079,14
1540787749.184029,14
1540787749.197860,14
1540787749.211563,14
1540787749.224119,14
1540787749.237231,14
1540787749.251031,14
1540787749.265028,14
1540787749.279064,14
1540787749.293321,15
1540787749.306110,13
1540787749.319663,14
1540787749.332370,14
1540787749.345989,14
1540787749.360028,14
1540787749.389779,16
1540787749.408118,15
1540787749.436170,16
1540787749.449942,16
1540787749.463969,17
1540787749.476739,17
1540787749.489483,16
1540787749.503746,16
1540787749.517090,16
1540787749.530906,17
1540787749.543965,17
1540787749.557752,18
1540787749.571213,18
1540787749.584261,19
1540787749.597035,19
1540787749.610591,17
1540787749.623957,18
1540787749.636673,17
1540787749.650497,17
1540787749.663621,18
1540787749.677305,17
1540787749.691049,18
1540787749.706414,19
1540787749.719944,19
1540787749.732989,19
1540787749.746550,20
1540787749.760643,20
1540787749.774177,20
1540787749.786777,20
1540787749.800855,20
1540787749.813940,19
1540787749.829303,18
1540787749.842494,19
1540787749.857145,19
1540787749.871190,19
1540787749.883788,20
1540787749.896385,18
1540787749.909394,18
1540787749.922813,19
1540787749.935408,19
1540787749.948138,20
1540787749.961520,20
1540787749.976258,20
1540787749.990286,19
1540787750.004159,20
1540787750.017974,19
1540787750.031784,19
1540787750.045583,20
1540787750.058661,20
1540787750.071337,18
1540787750.085213,19
1540787750.098099,17
1540787750.113473,16
1540787750.127558,16
1540787750.142030,16
1540787750.155423,16
1540787750.168962,14
1540787750.182736,14
1540787750.195939,13
1540787750.208871,11
1540787750.223792,10
1540787750.236528,10
1540787750.249954,12
1540787750.263288,12
1540787750.277772,11
1540787750.292903,11
1540787750.306427,12
1540787750.320058,12
1540787750.333523,12
1540787750.347290,11
1540787750.360071,12
1540787750.374439,13
1540787750.391967,13
1540787750.406627,13
1540787750.420870,13
1540787750.433420,13
1540787750.446407,12
1540787750.460012,12
1540787750.473012,13
1540787750.485931,13
1540787750.499993,12
1540787750.514177,12
1540787750.528097,13
1540787750.540567,13
1540787750.553597,14
1540787750.567466,14
1540787750.582060,15
1540787750.595090,15
1540787750.611777,15
1540787750.624422,15
1540787750.637149,13
1540787750.649984,16
1540787750.663825,14
1540787750.677418,14
1540787750.691260,15
1540787750.704930,15
1540787750.717872,15
1540787750.731405,16
1540787750.744858,16
1540787750.757669,14
1540787750.771251,15
1540787750.784840,15
1540787750.798508,14
1540787750.812486,15
1540787750.825214,15
1540787750.837881,16
1540787750.851294,17
1540787750.864168,17
1540787750.878138,15
1540787750.892401,17
1540787750.907847,17
1540787750.920669,17
1540787750.933721,18
1540787750.946506,16
1540787750.961298,16
1540787750.975074,17
1540787750.994425,17
1540787751.011499,17
1540787751.025166,17
1540787751.038579,17
1540787751.051249,17
1540787751.065079,15
1540787751.078435,16
1540787751.092231,17
1540787751.105938,17
1540787751.119695,18
1540787751.132535,16
1540787751.146808,16
1540787751.159499,17
1540787751.172433,17
1540787751.186243,15
1540787751.201060,16
1540787751.214936,18
1540787751.227787,18
1540787751.241476,17
1540787751.254808,18
1540787751.267899,18
1540787751.280842,19
1540787751.294747,19
1540787751.310459,19
1540787751.323662,17
1540787751.336230,19
1540787751.349234,19
1540787751.361811,20
1540787751.374385,20
1540787751.394069,18
1540787751.406644,18
1540787751.419760,18
1540787751.432489,20
1540787751.446158,18
1540787751.459409,18
1540787751.473160,19
1540787751.487117,18
1540787751.500834,18
1540787751.514114,18
1540787751.527965,20
1540787751.541157,18
1540787751.554956,19
1540787751.567859,19
1540787751.581782,19
1540787751.594329,18
1540787751.608355,18
1540787751.622019,16
1540787751.635542,15
1540787751.648937,13
1540787751.663744,11
1540787751.677270,12
1540787751.693028,12
1540787751.706913,13
1540787751.720759,14
1540787751.734107,14
1540787751.747485,12
1540787751.760100,12
1540787751.773143,12
1540787751.786107,13
1540787751.799052,11
1540787751.813762,10
1540787751.827782,13
1540787751.842048,13
1540787751.855836,13
1540787751.869762,13
1540787751.882352,14
1540787751.895051,12
1540787751.907675,12
1540787751.921470,12
1540787751.934456,12
1540787751.947422,13
1540787751.960381,13
1540787751.974433,11
1540787751.994366,13
1540787752.011620,13
1540787752.031866,12
1540787752.051493,12
1540787752.068032,13
1540787752.090847,12
1540787752.114643,13
1540787752.127196,14
1540787752.140583,14
1540787752.153218,14
1540787752.165825,13
1540787752.178501,13
1540787752.192747,13
1540787752.205724,14
1540787752.218985,14
1540787752.231616,13
1540787752.245166,13
1540787752.257874,13
1540787752.271910,14
1540787752.286419,14
1540787752.299953,14
1540787752.314766,12
1540787752.328809,13
1540787752.341903,14
1540787752.355619,14
1540787752.368270,15
1540787752.389554,14
1540787752.402950,14
1540787752.416797,15
1540787752.430899,15
1540787752.444758,15
1540787752.459006,13
1540787752.473141,14
1540787752.485667,14
1540787752.499280,14
1540787752.512313,15
1540787752.525366,13
1540787752.538610,14
1540787752.551993,14
1540787752.565827,14
1540787752.579433,14
1540787752.593377,16
1540787752.605944,14
1540787752.620243,15
1540787752.633949,15
1540787752.647538,15
1540787752.660513,15
1540787752.673505,16
1540787752.687250,16
1540787752.700868,14
1540787752.717891,14
1540787752.732683,14
1540787752.745364,15
1540787752.758639,15
1540787752.771599,16
1540787752.784826,16
1540787752.798382,15
1540787752.812047,15
1540787752.824907,15
1540787752.838629,15
1540787752.852198,16
1540787752.865831,16
1540787752.879219,14
1540787752.893787,16
1540787752.906549,16
1540787752.919850,16
1540787752.932801,17
1540787752.946828,17
1540787752.960842,15
1540787752.974757,16
1540787752.988262,16
1540787753.002009,16
1540787753.015861,16
1540787753.028607,17
1540787753.042465,17
1540787753.056275,15
1540787753.070335,16
1540787753.084073,16
1540787753.097813,16
1540787753.111429,17
1540787753.124665,17
1540787753.138669,17
1540787753.153471,15
1540787753.167111,16
1540787753.180045,16
1540787753.193524,17
1540787753.206372,18
1540787753.220033,18
1540787753.233145,16
1540787753.247261,17
1540787753.260144,17
1540787753.272892,18
1540787753.288615,18
1540787753.301885,18
1540787753.320455,18
1540787753.333238,18
1540787753.345834,17
1540787753.358262,17
1540787753.372050,17
1540787753.385778,18
1540787753.402674,17
1540787753.415560,18
1540787753.429359,18
1540787753.444410,16
1540787753.458772,17
1540787753.472341,17
1540787753.484835,18
1540787753.499078,18
1540787753.511988,19
1540787753.525811,17
1540787753.539767,17
1540787753.552943,18
1540787753.565644,19
1540787753.579039,19
1540787753.592852,19
1540787753.606548,17
1540787753.619972,18
1540787753.633598,18
1540787753.647695,18
1540787753.661167,18
1540787753.674006,19
1540787753.687512,17
1540787753.701448,17
1540787753.716109,18
1540787753.730793,18
1540787753.744831,18
1540787753.758568,18
1540787753.771312,19
1540787753.784473,19
1540787753.797308,18
1540787753.810450,18
1540787753.823709,18
1540787753.836568,19
1540787753.849365,17
1540787753.862919,18
1540787753.876789,19
1540787753.889442,19
1540787753.903641,19
1540787753.919264,20
1540787753.932470,20
1540787753.946608,18
1540787753.959281,19
1540787753.974343,19
1540787753.998491,20
1540787754.017434,19
1540787754.030305,20
1540787754.042843,18
1540787754.056947,18
1540787754.070130,19
1540787754.083817,19
1540787754.096585,20
1540787754.109905,20
1540787754.123468,18
1540787754.136246,19
1540787754.149058,19
1540787754.163227,19
1540787754.177119,20
1540787754.190561,20
1540787754.204637,20
1540787754.218103,19
1540787754.231670,19
1540787754.244152,20
1540787754.258184,20
1540787754.271982,20
1540787754.285351,20
1540787754.299085,18
1540787754.312611,19
1540787754.325872,19
1540787754.338799,20
1540787754.351971,20
1540787754.365193,18
1540787754.377863,19
1540787754.391788,19
1540787754.415714,18
1540787754.444512,16
1540787754.465824,15
1540787754.478942,14
1540787754.491405,14
1540787754.504933,13
1540787754.517661,11
1540787754.531167,11
1540787754.544725,10
1540787754.557934,8
1540787754.570910,10
1540787754.584809,11
1540787754.598980,10
1540787754.612511,11
1540787754.626427,11
1540787754.640718,11
1540787754.654351,11
1540787754.667002,11
1540787754.681382,12
1540787754.695864,10
1540787754.709855,11
1540787754.723238,11
1540787754.736711,11
1540787754.749176,12
1540787754.763452,12
1540787754.776520,11
1540787754.789212,11
1540787754.807733,10
1540787754.821259,11
1540787754.834833,11
1540787754.847468,12
1540787754.860379,12
1540787754.874272,12
1540787754.886968,11
1540787754.899505,11
1540787754.914314,12
1540787754.927724,13
1540787754.940946,11
1540787754.955617,13
1540787754.969648,11
1540787754.991394,13
1540787755.009775,12
1540787755.028615,12
1540787755.049619,12
1540787755.067587,11
1540787755.090312,13
1540787755.109353,12
1540787755.128628,12
1540787755.147507,12
1540787755.170988,14
1540787755.192252,13
1540787755.211121,12
1540787755.228837,12
1540787755.250355,14
1540787755.269111,14
1540787755.289520,13
1540787755.323940,13
1540787755.352426,13
1540787755.370294,13
1540787755.394434,12
1540787755.419594,14
1540787755.441075,15
1540787755.462336,15
1540787755.481978,14
1540787755.501318,14
1540787755.522072,15
1540787755.541393,15
1540787755.568513,14
1540787755.597077,16
1540787755.620126,16
1540787755.637579,16
1540787755.656378,15
1540787755.682620,16
1540787755.704998,19
1540787755.724773,19
1540787755.741620,19
1540787755.762497,18
1540787755.784692,20
1540787755.808870,19
1540787755.830822,18
1540787755.860957,18
1540787755.880785,19
1540787755.905652,16
1540787755.925879,15
1540787755.946876,14
1540787755.965381,12
1540787755.985318,13
1540787756.004330,13
1540787756.025723,12
1540787756.050031,11
1540787756.071472,13
1540787756.096487,13
1540787756.122623,13
1540787756.141475,12
1540787756.161165,13
1540787756.183384,14
1540787756.202399,14
1540787756.222709,14
1540787756.241362,14
1540787756.258879,14
1540787756.276448,14
1540787756.293021,14
1540787756.310916,13
1540787756.330064,14
1540787756.349828,16
1540787756.368635,15
1540787756.388781,15
1540787756.408148,14
1540787756.427668,17
1540787756.456542,16
1540787756.476780,17
1540787756.496820,17
1540787756.520718,18
1540787756.541089,17
1540787756.569296,18
1540787756.587942,18
1540787756.608234,17
1540787756.626871,17
1540787756.647713,18
1540787756.668210,17
1540787756.688540,17
1540787756.706832,18
1540787756.724827,19
1540787756.743627,20
1540787756.764846,19
1540787756.787891,19
1540787756.808636,19
1540787756.830225,18
1540787756.848250,20
1540787756.868837,18
1540787756.888769,19
1540787756.906167,19
1540787756.925372,19
1540787756.944521,20
1540787756.967408,19
1540787756.989210,19
1540787757.009084,18
1540787757.027753,20
1540787757.050357,20
1540787757.070688,19
1540787757.095021,19
1540787757.113363,20
1540787757.131752,18
1540787757.150889,19
1540787757.170390,18
1540787757.190665,18
1540787757.211930,19
1540787757.231972,19
1540787757.253260,18
1540787757.271141,18
1540787757.291077,15
1540787757.310731,16
1540787757.334167,16
1540787757.362574,16
1540787757.382451,16
1540787757.400968,15
1540787757.418916,16
1540787757.439743,17
1540787757.471699,18
1540787757.490625,17
1540787757.511479,17
1540787757.532077,18
1540787757.552414,18
1540787757.572168,18
1540787757.593148,19
1540787757.611273,17
1540787757.630768,19
1540787757.650920,19
1540787757.680294,19
1540787757.706432,18
1540787757.725008,19
1540787757.750212,20
1540787757.767639,19
1540787757.788490,19
1540787757.810149,18
1540787757.829100,20
1540787757.849289,19
1540787757.868296,19
1540787757.888856,18
1540787757.910994,20
1540787757.929468,19
1540787757.947405,19
1540787757.968929,18
1540787757.990917,19
1540787758.010574,18
1540787758.027628,17
1540787758.047806,15
1540787758.067195,14
1540787758.089456,13
1540787758.108097,13
1540787758.127297,12
1540787758.144903,12
1540787758.161727,12
1540787758.181460,13
1540787758.197259,13
1540787758.220889,12
1540787758.240730,10
1540787758.260734,9
1540787758.286587,11
1540787758.308864,11
1540787758.326744,12
1540787758.345354,13
1540787758.367027,12
1540787758.389274,11
1540787758.408962,13
1540787758.428900,12
1540787758.457909,13
1540787758.480326,12
1540787758.499896,12
1540787758.519482,12
1540787758.540132,10
1540787758.560877,9
1540787758.588303,9
1540787758.609346,11
1540787758.626519,11
1540787758.644265,9
1540787758.662429,10
1540787758.681917,9
1540787758.702404,11
1540787758.722210,10
1540787758.740658,9
1540787758.761730,9
1540787758.779755,9
1540787758.798017,8
1540787758.817753,10
1540787758.835715,10
1540787758.852530,9
1540787758.872344,10
1540787758.892063,10
1540787758.912531,12
1540787758.933991,11
1540787758.952278,11
1540787758.971137,10
1540787758.986292,10
1540787759.010208,10
1540787759.022503,10
1540787759.042421,9
1540787759.062411,11
1540787759.081627,10
1540787759.100759,10
1540787759.120833,11
1540787759.138617,10
1540787759.158098,12
1540787759.178417,11
1540787759.197716,11
1540787759.217948,11
1540787759.240914,12
1540787759.261948,11
1540787759.281196,11
1540787759.305489,12
1540787759.328672,11
1540787759.351007,12
1540787759.368997,13
1540787759.387817,12
1540787759.409668,12
1540787759.429197,12
1540787759.446889,11
1540787759.479531,11
1540787759.496395,13
1540787759.516313,13
1540787759.540929,12
1540787759.561378,13
1540787759.588817,13
1540787759.608840,14
1540787759.628121,12
1540787759.647302,13
1540787759.668932,13
1540787759.689052,14
1540787759.708514,14
1540787759.728567,13
1540787759.748550,13
1540787759.773617,14
1540787759.791655,13
1540787759.810545,13
1540787759.831135,13
1540787759.851566,15
1540787759.870618,13
1540787759.889921,14
1540787759.907336,14
1540787759.925828,14
1540787759.943177,14
1540787759.969055,13
1540787759.992208,14
1540787760.011338,13
1540787760.032842,15
1540787760.053242,14
1540787760.071270,14
1540787760.089291,14
1540787760.106753,13
1540787760.128500,16
1540787760.147916,16
1540787760.173397,14
1540787760.192646,16
1540787760.211735,16
1540787760.228870,15
1540787760.249458,15
1540787760.267757,15
1540787760.288790,14
1540787760.308833,15
1540787760.330134,15
1540787760.351656,16
1540787760.377865,15
1540787760.397222,15
1540787760.415194,15
1540787760.436251,17
1540787760.460476,16
1540787760.484884,17
1540787760.509563,16
1540787760.529194,15
1540787760.548683,17
1540787760.573776,16
1540787760.594919,17
1540787760.613892,17
1540787760.632706,16
1540787760.651968,16
1540787760.672189,16
1540787760.690474,15
1540787760.709376,18
1540787760.728221,18
1540787760.749450,17
1540787760.768135,17
1540787760.786554,16
1540787760.804119,18
1540787760.824937,18
1540787760.844759,17
1540787760.867295,16
1540787760.885033,18
1540787760.906823,17
1540787760.929848,17
1540787760.949137,16
1540787760.968772,18
1540787760.990038,17
1540787761.010544,17
1540787761.032317,19
1540787761.052925,18
1540787761.074031,18
1540787761.092558,17
1540787761.113390,19
1540787761.131931,19
1540787761.153594,18
1540787761.178428,19
1540787761.199065,18
1540787761.219552,18
1540787761.242287,19
1540787761.269105,18
1540787761.289078,17
1540787761.308998,17
1540787761.328196,18
1540787761.349749,18
1540787761.370616,20
1540787761.389785,20
1540787761.409979,19
1540787761.430544,18
1540787761.451275,20
1540787761.475876,19
1540787761.503095,20
1540787761.522753,19
1540787761.542682,19
1540787761.562235,20
1540787761.589064,19
1540787761.610306,18
1540787761.640044,19
1540787761.658239,19
1540787761.680449,18
1540787761.700492,19
1540787761.720157,19
1540787761.740155,20
1540787761.762612,19
1540787761.783134,19
1540787761.801696,19
1540787761.820100,18
1540787761.841068,20
1540787761.860942,20
1540787761.880913,19
1540787761.898333,19
1540787761.920924,20
1540787761.938284,18
1540787761.955991,17
1540787761.978296,16
1540787761.998087,14
1540787762.017365,13
1540787762.036585,11
1540787762.054839,11
1540787762.075892,9
1540787762.094544,9
1540787762.116012,11
1540787762.134395,11
1540787762.158600,10
1540787762.176086,11
1540787762.197175,11
1540787762.220854,12
1540787762.239659,11
1540787762.258706,11
1540787762.276719,11
1540787762.296955,10
1540787762.317626,12
1540787762.336989,11
1540787762.356897,11
1540787762.375783,11
1540787762.400751,11
1540787762.418311,11
1540787762.438313,12
1540787762.458525,11
1540787762.475922,13
1540787762.501573,13
1540787762.524517,13
1540787762.541973,13
1540787762.560806,13
1540787762.581634,12
1540787762.601506,12
1540787762.624921,13
1540787762.645037,12
1540787762.669800,14
1540787762.693542,13
1540787762.713324,13
1540787762.732783,12
1540787762.752494,14
1540787762.771469,13
1540787762.792680,13
1540787762.811376,13
1540787762.830298,14
1540787762.851671,14
1540787762.872580,13
1540787762.890241,13
1540787762.909911,12
1540787762.930910,15
1540787762.950042,14
1540787762.968224,14
1540787762.989046,13
1540787763.012687,15
1540787763.031712,14
1540787763.049546,14
1540787763.067658,14
1540787763.090444,13
1540787763.112725,14
1540787763.131415,14
1540787763.152058,13
1540787763.174427,15
1540787763.194309,14
1540787763.218778,14
1540787763.237308,16
1540787763.258581,15
1540787763.277505,15
1540787763.300926,14
1540787763.347599,15
1540787763.372343,15
1540787763.394189,14
1540787763.417501,15
1540787763.441170,14
1540787763.457610,15
1540787763.482650,15
1540787763.512247,17
1540787763.535790,16
1540787763.557656,15
1540787763.581138,16
1540787763.600824,16
1540787763.620882,17
1540787763.641868,17
1540787763.659337,16
1540787763.680768,16
1540787763.699440,16
1540787763.717210,15
1540787763.736104,17
1540787763.761048,17
1540787763.781316,15
1540787763.801967,18
1540787763.822088,17
1540787763.841730,17
1540787763.866696,16
1540787763.890726,17
1540787763.914606,16
1540787763.933377,18
1540787763.953029,17
1540787763.971793,17
1540787763.989234,17
1540787764.011254,18
1540787764.034126,18
1540787764.052982,17
1540787764.081082,17
1540787764.102229,17
1540787764.122066,16
1540787764.140791,17
1540787764.162671,18
1540787764.190648,17
1540787764.209454,18
1540787764.223392,19
1540787764.249521,17
1540787764.270777,19
1540787764.289798,18
1540787764.310519,18
1540787764.329316,18
1540787764.345896,17
1540787764.366321,19
1540787764.384347,17
1540787764.401088,19
1540787764.420799,18
1540787764.440597,18
1540787764.458064,18
1540787764.476194,18
1540787764.501055,19
1540787764.521377,19
1540787764.549721,19
1540787764.567830,19
1540787764.586523,19
